153961.4375
153338.15625
151849.96875
146216.78125
218222.796875
152907.0
154879.09375
153257.8125
234209.640625
152628.734375
154750.234375
153874.78125
151917.390625
150595.84375
152863.578125
144668.71875
206282.515625
152331.46875
155285.203125
146090.296875
164341.796875
150823.625
149385.640625
199964.9375
153332.28125
152976.265625
146257.90625
148181.59375
206533.71875
154649.578125
152504.0625
150066.71875
152868.8125
148407.640625
154059.53125
151684.78125
153069.359375
144411.046875
160251.90625
153181.609375
311620.3125
154601.625
152741.359375
152476.125
151473.0625
154716.8125
153998.1875
153654.734375
153208.5625
149776.28125
156994.75
152762.40625
152378.625
153904.9375
153213.59375
153427.4375
154011.71875
153678.6875
153791.3125
153705.59375
152264.15625
156957.984375
152291.96875
152637.96875
150465.5
174299.34375
153610.78125
152734.8125
153427.0
154089.09375
150733.46875
178549.890625
153613.21875
153396.9375
153858.59375
153596.5625
154424.25
153330.375
151804.0
153230.5625
154116.4375
154166.34375
154174.65625
152972.71875
151109.453125
152835.453125
151662.609375
154902.515625
153725.484375
155459.828125
153554.96875
153193.125
152099.3125
151920.46875
153101.625
153409.40625
153762.9375
152486.109375
153396.875
152303.09375
154586.4375
153475.96875
155380.75
153451.0
152224.078125
153983.359375
153638.140625
152024.4375
152194.96875
151604.34375
155688.59375
153251.375
152669.09375
150830.75
154727.75
153380.25
152348.890625
152964.359375
151342.3125
152893.59375
153700.40625
155260.21875
153118.171875
154278.171875
154676.78125
152649.59375
152359.609375
150248.796875
169664.5625
154162.1875
154415.890625
153030.9375
153089.15625
152785.5625
154436.6875
154116.46875
153854.4375
152735.59375
154474.125
152153.34375
153122.375
152881.1875
152145.03125
152985.171875
153833.625
152856.203125
153396.9375
152548.390625
153634.0
152161.65625
153970.59375
153359.40625
152660.59375
151550.234375
153916.140625
153304.1875
153752.546875
155035.296875
150180.46875
152863.375
152739.53125
152318.875
155610.375
153749.546875
155227.59375
149511.96875
154492.015625
152870.53125
153792.6875
149848.71875
182028.171875
152286.40625
153817.0
151388.09375
151462.9375
153305.4375
152457.0
152348.71875
152190.796875
151662.609375
150822.484375
152585.90625
153155.703125
154070.65625
153018.296875
152997.71875
153488.421875
154382.609375
152777.1875
154682.0
153845.578125
154195.25
153695.78125
154372.21875
153887.140625
150298.390625
172764.9375
153908.5
154320.25
155351.6875
