9885.82617188
8807.06835938
9947.79492188
9604.90234375
9532.52929688
9559.06054688
9838.98730469
9746.46484375
10709.5341797
10262.6982422
9647.63183594
9309.75976562
11105.7011719
9203.04980469
9518.65136719
9507.18359375
9337.72070312
9128.71679688
9900.33203125
9456.51367188
9585.8359375
9648.29199219
9752.81542969
9717.48242188
9602.13671875
9613.9453125
9638.015625
9369.49511719
9719.1796875
9648.29785156
9710.62792969
9396.328125
8896.22265625
9506.79101562
9764.17578125
9510.19628906
9694.88671875
9456.9296875
10197.0771484
9171.55761719
9361.9609375
9630.83203125
9413.6953125
9775.12890625
9163.5546875
9882.05664062
9664.13964844
9453.45703125
9587.25585938
9827.44433594
10088.8339844
9841.61132812
9326.42773438
9457.41210938
9216.28320312
9205.11914062
9487.33984375
9773.27539062
9870.0859375
8743.45507812
9607.28222656
9619.44335938
9803.67578125
9508.4296875
9563.22851562
9716.91113281
9508.6796875
9433.03125
9525.49804688
9375.61328125
9865.58789062
9790.10839844
9500.06347656
9722.23046875
10207.1738281
9767.01367188
9229.46582031
10358.84375
10156.0703125
9749.79785156
9585.50878906
10181.1611328
9889.70214844
9310.90234375
9412.38085938
9493.54492188
10729.6347656
9776.61425781
9487.71875
9521.62207031
9324.72851562
9556.93554688
9128.51953125
9731.12207031
9276.015625
9739.71386719
9400.44628906
10231.1386719
9469.89355469
9295.71679688
9294.24414062
9585.69628906
9159.1953125
10131.5332031
9488.66210938
9571.07128906
9396.50683594
9871.46875
9347.82617188
9416.45703125
9694.96289062
9473.20117188
9708.53417969
9604.56347656
9437.8046875
9835.25488281
9691.68359375
9874.66992188
9809.33398438
9853.54882812
9246.97070312
10402.1455078
9838.77929688
10263.3046875
9864.25
9889.64453125
9277.5234375
9628.44726562
10169.8476562
9540.78613281
9554.22851562
9343.77148438
9139.80566406
9755.53613281
9325.32226562
10035.8203125
9169.44433594
13838.6523438
9437.84375
9276.94335938
9338.94140625
9896.703125
9957.58007812
10352.234375
9287.66796875
9697.10351562
9403.62207031
9694.82421875
9814.75195312
9427.57421875
9321.97070312
9833.09375
9513.95214844
9938.90429688
9817.94335938
9836.03320312
9556.609375
9232.19335938
9661.45507812
9181.79003906
9764.62304688
9812.3046875
9231.41308594
9763.54589844
10145.7890625
9750.79199219
10198.1679688
9428.79980469
9584.484375
10128.7734375
8886.88671875
9566.06054688
9435.72753906
9435.14257812
9915.50195312
9654.15917969
9734.17773438
9762.2734375
9478.01171875
9509.85742188
9085.34960938
9757.86035156
10052.2753906
9985.546875
9677.78515625
9581.93652344
9765.68945312
9791.02734375
10246.5712891
9535.06445312
9288.953125
8674.88867188
9390.3046875
9617.84765625
9464.20410156
9093.95800781
9715.20898438
9677.32226562
9745.109375
9107.57617188
9704.40722656
9470.92578125
9684.01757812
9724.95898438
9545.84179688
9899.37890625
10165.3164062
9495.22070312
9224.82421875
9842.00097656
9734.93554688
9648.14257812
9626.30664062
9086.41796875
9903.35742188
9387.17578125
9843.6796875
9522.5625
8877.4296875
9114.01171875
9919.46875
9571.390625
9132.03808594
9752.7578125
9629.27734375
9627.76953125
9323.8671875
10071.4101562
9315.5078125
9630.97460938
9451.56542969
9681.13671875
9435.88769531
9495.50585938
9537.7265625
9579.5546875
9250.56640625
9781.95410156
9892.77050781
9880.42871094
9353.99414062
9153.53125
9029.50195312
9225.00585938
10331.6894531
9451.43261719
9458.64257812
9188.37695312
9411.70410156
9556.99804688
9443.21679688
9062.0859375
9598.87890625
9505.66796875
9645.44726562
9590.29882812
9414.55664062
9448.06640625
10111.0820312
9555.07421875
9532.96484375
9372.31835938
9436.70898438
9164.31054688
9532.84960938
9605.32226562
9501.15625
9842.62695312
9232.9765625
9622.05859375
9628.02050781
9442.6171875
9826.99902344
9655.92773438
9510.28515625
9606.47167969
9679.11328125
9912.44042969
9402.50488281
9673.83984375
9577.62695312
9552.68359375
9391.18945312
9443.53125
9532.11132812
9002.80664062
9428.16699219
9099.81054688
10080.3339844
9696.109375
9899.22851562
9471.50488281
9501.74023438
9984.20898438
9342.53027344
9613.35449219
10030.6337891
10029.7246094
9804.38085938
9264.42285156
9823.43554688
9680.04199219
9742.92578125
9783.74414062
9387.07910156
9019.30859375
9379.42480469
9838.84179688
8871.34863281
9271.99121094
9629.19921875
9897.24707031
9714.6640625
9318.09863281
9519.73535156
9880.02148438
9973.53710938
10145.3535156
9420.15625
9066.36523438
9629.36914062
9679.47265625
9593.37792969
9980.01855469
9445.80761719
9559.22753906
9653.47460938
9598.84472656
9722.4765625
9013.5078125
9523.75292969
9675.04785156
9819.58105469
9683.11425781
9453.86132812
9624.86523438
9557.71191406
9361.59472656
9530.27148438
9049.1015625
9399.57519531
9593.61914062
9766.33203125
9213.98535156
9748.5546875
9658.61816406
9416.47265625
9398.46777344
9194.8125
9806.6484375
9056.59960938
9468.42382812
9104.96777344
9523.92773438
9550.671875
9821.08007812
10174.7060547
9903.74609375
9775.61425781
9822.4765625
9429.61328125
9050.15625
9121.03125
9622.65234375
9706.6171875
9690.06640625
9946.8359375
10315.0175781
9165.79296875
9247.44628906
9499.45703125
9490.69433594
10063.5927734
9929.62011719
9798.20117188
9346.8046875
9355.34375
9880.90917969
9537.640625
9325.50878906
9326.88085938
9075.42480469
9322.62109375
9613.63867188
9345.36230469
9855.9921875
9016.74414062
9473.99121094
10113.9736328
9739.70703125
10248.5976562
9619.04492188
9283.76171875
9639.81835938
9227.87109375
9386.06054688
9289.96679688
9700.94726562
9975.62890625
9343.85839844
9884.65332031
9688.85839844
9855.72070312
9512.3984375
9245.63769531
9614.62109375
9649.14160156
9366.96289062
9631.41796875
9744.87695312
9767.25976562
9132.83789062
9969.08398438
9686.97460938
9605.54492188
9491.40820312
9905.62402344
9465.58007812
9976.8203125
9198.23144531
9428.00390625
10037.4355469
9582.3203125
9272.69726562
9188.35449219
9450.12109375
9795.2578125
9766.59765625
9731.22167969
9268.42578125
9200.28320312
9928.85546875
9223.96679688
9468.21972656
9768.99121094
9235.52539062
10020.9980469
9456.69335938
9938.59277344
9443.5625
9469.625
9263.69140625
9815.84765625
9554.1328125
9739.9921875
8983.18359375
9832.57226562
10098.4667969
9332.91210938
9751.00488281
9262.66015625
9956.80664062
9566.15039062
9556.67578125
9768.67089844
9742.18164062
9845.29492188
9618.640625
10082.1855469
10118.7724609
9636.41015625
9596.61523438
9969.75683594
9652.96289062
9777.09765625
10174.2714844
9500.83789062
9748.3984375
9471.53125
10023.3007812
9151.6875
9478.47753906
9862.37695312
9429.40625
9091.921875
10127.7041016
9537.9609375
9746.63183594
9767.47753906
9682.26269531
9617.73632812
9761.06054688
9452.02929688
9560.97753906
9111.79199219
9997.51660156
9221.56054688
9908.20117188
10097.3320312
9506.10351562
9694.97265625
9403.16210938
9510.82226562
9464.171875
9547.2890625
9941.09570312
10310.84375
9318.97558594
9596.10546875
9192.01171875
9595.53125
9240.78515625
9717.40625
9532.92871094
9502.80859375
9608.94335938
10075.1855469
10125.2148438
9889.72265625
10053.5712891
9562.15917969
9314.88476562
9709.37402344
8953.95703125
9657.28515625
9693.52441406
9931.54492188
9853.64257812
9894.98144531
9798.71191406
9226.21484375
9250.9296875
9760.421875
9893.88867188
9409.09277344
9382.93945312
10044.3261719
9701.56054688
10015.7705078
9807.52148438
9761.17382812
9927.93457031
9673.046875
9695.4765625
9674.77539062
9545.3046875
9464.8984375
9659.65429688
9347.75585938
9606.28710938
9504.96289062
9652.56054688
9213.59765625
9369.96679688
9935.05078125
9603.65429688
9897.24609375
9326.78027344
9820.65722656
10131.84375
9742.01269531
9082.42773438
9470.09960938
9752.44335938
9475.11621094
9945.66894531
9745.9296875
9665.74023438
9270.73828125
9706.89746094
9766.26757812
9624.83496094
9753.58691406
9256.93457031
10193.4882812
9519.6796875
9089.046875
9611.78808594
9160.79785156
9696.234375
9604.97851562
9508.74414062
9080.86914062
9624.22949219
9161.00683594
9448.77734375
9821.31445312
9723.56640625
10031.2636719
9181.44042969
9382.44335938
9954.38867188
9684.51074219
9635.14257812
9124.80957031
10019.5234375
9671.04101562
9591.56640625
9407.19921875
9961.22460938
9552.33789062
9907.75390625
9144.87402344
9154.68164062
9331.93554688
9652.29980469
9345.88867188
9719.36230469
9396.44042969
9168.7578125
9394.7890625
9206.69433594
9612.48828125
9442.9609375
9660.359375
9700.29882812
9488.19140625
9676.23535156
9681.5078125
9082.56835938
9533.73828125
9633.60449219
8950.41210938
10031.0019531
10040.7363281
9763.57617188
9335.37597656
9982.26367188
9811.43164062
9471.26074219
9870.23828125
9247.03222656
9292.95703125
9328.63183594
9290.47460938
9654.77539062
9575.33300781
10117.0488281
10037.1269531
9988.84960938
9913.61914062
9468.22070312
9373.27148438
9983.40136719
9514.85742188
9657.26269531
9733.38476562
9644.84570312
9425.55078125
9623.65820312
9293.48632812
9679.61035156
9162.52929688
9218.30957031
9329.20898438
9736.58984375
9417.546875
9673.875
9193.10253906
9630.72851562
9437.52441406
9048.72851562
9895.82519531
9305.14257812
9016.44042969
9801.79101562
9616.79101562
9611.18164062
9373.578125
9731.10058594
9789.55664062
9570.49609375
9650.34570312
9810.80859375
9983.50097656
9254.28710938
9744.265625
9725.9140625
9743.046875
9981.39160156
9383.02148438
9547.38964844
9377.38085938
9243.99121094
9453.66015625
9271.83300781
9465.62109375
9506.22558594
9673.92089844
9648.44824219
9763.79980469
9656.43457031
9511.39550781
9727.375
9209.9140625
10169.4296875
9575.13378906
9438.69433594
9633.97851562
9848.51171875
9933.04980469
9547.41503906
9507.20996094
9631.61132812
9921.671875
9560.62402344
9554.875
9205.84960938
9498.55859375
9508.66308594
8997.28125
9614.57421875
9392.43554688
9016.44921875
9532.60449219
9569.02148438
9290.83007812
9123.77539062
9626.23730469
9285.734375
9537.95703125
9425.68261719
9166.33105469
9305.40332031
9170.92773438
9652.05957031
9362.2109375
9926.41601562
9464.13378906
9958.09375
9776.62304688
9799.54101562
10063.3847656
9228.96484375
9771.046875
9743.34179688
9518.55859375
9324.34375
9989.53710938
9997.95703125
9618.03710938
9565.24414062
9556.72070312
10035.09375
9412.8828125
9342.03515625
9677.5
9738.38085938
9068.3203125
9331.36132812
10077.2285156
9746.23046875
9506.77929688
9621.72851562
9952.31933594
9587.82519531
9464.23046875
9653.30859375
9814.15039062
9586.82421875
9673.68457031
9358.84179688
9243.77246094
9311.7421875
9566.86523438
9772.15136719
9756.07617188
9607.50390625
9845.234375
9701.03417969
9173.0703125
9707.2734375
9741.66015625
9767.0
9173.81347656
9843.46679688
9787.99707031
9590.11914062
9384.36328125
9435.85351562
9581.80078125
9304.06640625
9476.81152344
9418.90332031
9598.85644531
9765.06054688
9988.46289062
9434.66699219
10106.2568359
9789.92285156
9638.38378906
9344.58886719
9886.50585938
9675.09863281
10117.3007812
9603.52246094
9554.3125
9529.35351562
10002.34375
10054.5292969
10013.8574219
9750.70703125
9070.01953125
9726.01171875
10093.7539062
10162.7070312
9655.33398438
10148.0576172
9830.421875
9264.38867188
9319.34570312
9646.55078125
10159.2128906
9317.56445312
9586.86816406
9879.80957031
10054.2519531
9625.77148438
9718.8046875
9494.765625
9590.18164062
9187.796875
9518.43652344
9399.76074219
9278.94042969
9626.02929688
9941.30273438
9238.60546875
9573.73242188
9655.984375
10027.2578125
9862.59570312
9748.51269531
9627.90625
9229.41210938
9322.62402344
9058.05175781
9261.5703125
9747.85644531
9317.73632812
9781.8125
9423.5546875
9573.46191406
9702.140625
9930.04492188
10036.2207031
9074.10351562
9286.2734375
9981.41796875
9437.29101562
9178.82910156
9764.27539062
9254.98046875
9460.6796875
9509.34765625
9336.90039062
9804.23730469
9056.05664062
9412.42773438
9404.7265625
9855.91992188
9719.31054688
9904.03417969
9312.34667969
9232.48828125
9783.68359375
9916.38671875
9866.81933594
9436.47167969
9618.35742188
9504.65527344
9786.9609375
9338.73632812
9745.91113281
10174.0429688
9496.14160156
9274.37011719
9812.15820312
9251.28613281
9498.10742188
9476.83203125
9242.06933594
9252.94921875
10077.2001953
9273.24414062
9355.23242188
9910.28710938
9636.86816406
9883.80664062
9621.15820312
9468.83984375
9603.76757812
9320.87695312
9405.95117188
9712.59570312
9733.16601562
9693.47558594
9158.35351562
9602.35742188
9856.78125
10018.75
9575.87890625
9550.37695312
9439.60546875
9739.10546875
9621.31054688
9232.66992188
9542.99804688
9467.44726562
9915.97070312
9623.27148438
9832.58398438
10174.3955078
9037.32226562
9204.45214844
9761.18066406
9931.00585938
9684.12988281
9192.2265625
9672.12011719
9801.45019531
9853.16601562
9945.24804688
9627.85449219
9597.07617188
9839.95117188
9353.78417969
9656.77148438
9633.96484375
9630.62011719
9560.17480469
9738.1171875
9555.51953125
9275.87695312
9374.51953125
9884.18359375
9432.52050781
9493.5703125
9512.44140625
9623.66210938
9342.55761719
9500.01757812
9614.16015625
9707.95800781
9525.609375
9493.046875
9706.83496094
9568.71679688
9256.28515625
10335.8144531
9594.79882812
9844.40429688
9678.39355469
9618.95214844
9690.52246094
9597.28710938
9378.43066406
9587.41992188
9287.99609375
10066.0439453
10036.7617188
9551.3359375
9725.32910156
9631.72851562
9775.41210938
9819.01953125
9465.59570312
9786.140625
8982.828125
9300.9609375
9882.87011719
9265.31152344
9905.85839844
10068.8076172
9105.30957031
9533.76757812
9438.53515625
9020.21484375
9212.00195312
10011.9277344
9786.90429688
9251.33007812
9672.54101562
9284.9765625
9411.45019531
9701.14746094
10186.3007812
10020.2158203
10018.5117188
10347.3027344
9958.01171875
10398.2734375
9299.265625
10018.75
9563.96386719
9655.92773438
9236.71777344
9488.94824219
9230.59667969
9767.48632812
9625.76855469
10170.5371094
9616.31445312
8962.39648438
9573.16503906
9387.36816406
9593.328125
9569.56347656
9515.31933594
9697.375
9515.52734375
9538.93847656
9112.09375
10107.9335938
9668.98242188
9428.95117188
9416.58886719
9629.08691406
9209.54882812
9489.63769531
9615.27050781
9393.3203125
9445.66015625
9332.53710938
9394.91992188
10167.8300781
9769.43164062
9290.94824219
9631.6796875
9596.10058594
9548.66015625
9495.32519531
9718.03125
10031.9238281
9841.33886719
9398.84667969
9349.171875
9586.22851562
9857.13476562
9861.63476562
8977.62890625
9790.01269531
9600.59375
9530.09667969
9311.7421875
9451.60449219
9493.65429688
10262.9287109
9706.83496094
9958.15429688
9920.64941406
9615.33984375
10085.2929688
9644.09863281
10078.765625
9336.98046875
9669.62792969
9717.2890625
9399.078125
9749.36523438
9515.78515625
9832.60253906
9912.30078125
9748.41796875
9273.41601562
9802.47851562
9509.38378906
8844.20605469
9580.9296875
10403.1933594
9544.06542969
9529.12304688
9705.35351562
9797.49609375
9879.640625
9169.91015625
9191.4453125
9245.20410156
9655.24023438
9805.43945312
9874.09375
9825.19140625
9973.81542969
9960.08496094
9209.50878906
9304.11328125
9566.09570312
9320.06054688
9507.73144531
9242.671875
9211.29589844
9385.52246094
9508.3359375
10224.9882812
9319.30761719
9573.75097656
9396.5703125
10015.8359375
9668.35351562
9537.83886719
9574.34179688
9416.625
9736.13476562
9732.04101562
9483.43164062
9175.86328125
9579.7890625
9662.00683594
9985.48046875
9395.68164062
9207.77050781
9504.46289062
9975.18457031
9827.70507812
9486.4140625
9637.86328125
10248.9482422
9716.20019531
9638.4765625
9539.25195312
9332.31835938
9540.30078125
10034.7294922
9717.00195312
9722.68359375
9653.36328125
9708.38085938
9320.82226562
9419.671875
9424.46679688
9635.26855469
9467.921875
9686.00683594
9664.38671875
9463.65234375
9653.28710938
9464.65429688
9691.79394531
9554.93457031
9809.234375
9716.5703125
9281.04882812
9590.62792969
9310.55078125
10201.6591797
9593.95214844
10083.3212891
9559.12011719
9748.15625
9373.921875
10281.4541016
9172.58105469
9424.93847656
9742.93945312
9233.76757812
9587.11914062
9830.06738281
10080.5283203
9365.80859375
9765.25488281
9604.03710938
9631.96875
9802.37695312
9097.72753906
9897.35058594
9345.73828125
9625.22460938
9825.33984375
9808.11523438
9145.04980469
9563.39355469
9596.53515625
9669.40625
9440.00292969
9898.94433594
9676.20898438
9239.1796875
9998.77539062
9943.0546875
9692.15234375
10344.7597656
9398.24609375
9903.8515625
9415.39648438
9436.32714844
9755.7578125
9631.51269531
9588.57617188
9401.97851562
9281.27539062
9014.57226562
9227.26953125
9667.54296875
9574.359375
9780.27832031
9673.56445312
9146.515625
9644.453125
9964.67675781
9538.54101562
9514.4296875
9593.74414062
9523.84472656
9731.93359375
9099.640625
9733.04296875
9760.3984375
9431.75390625
10131.34375
9550.96582031
9046.80273438
9603.10351562
9630.56933594
9701.828125
9692.4296875
9153.70507812
9466.26367188
9470.88671875
9799.890625
9372.42578125
9973.06640625
9430.44726562
9444.1171875
9614.5390625
10094.8925781
10107.6738281
9930.1015625
9874.0390625
9263.92382812
9605.78320312
9865.41113281
9775.95898438
9216.68457031
9251.03515625
10026.53125
9638.62597656
9581.69726562
9876.63867188
10061.6757812
9381.6328125
9697.86425781
9274.27734375
9640.03710938
9535.19726562
9657.50390625
9319.58007812
9514.05078125
9197.74707031
9503.86132812
9493.015625
9375.57519531
9636.30664062
9721.93164062
10050.5595703
9867.68457031
9672.67773438
9529.96679688
9523.6328125
9260.61523438
9446.38085938
9759.77148438
9218.4296875
9565.14746094
9868.24609375
9633.1015625
9131.42871094
9202.28027344
9685.24804688
9263.81445312
9481.06933594
9451.9765625
9563.50390625
9604.34765625
9547.73632812
9594.89648438
9754.11328125
9475.2421875
9205.00195312
9580.421875
9504.05664062
9563.515625
9561.76953125
10078.5664062
10259.1445312
8992.37011719
9500.9921875
9572.09179688
9810.42089844
9372.28125
9632.95898438
9968.0078125
9012.3046875
9638.87109375
9956.99804688
9710.68945312
9594.2421875
9836.03417969
9776.390625
9616.91992188
9424.03222656
9593.81054688
9648.61132812
9213.30761719
10171.0273438
9140.85351562
9695.44726562
9274.10644531
10050.3339844
9480.48046875
9329.15039062
9863.93359375
8989.36425781
10015.7109375
9157.38964844
9672.01855469
10081.6865234
9939.7265625
9843.26464844
9809.01367188
9277.8671875
9668.48828125
9652.94335938
9689.13867188
9757.6796875
9419.28320312
9756.77539062
9465.83886719
9632.70507812
9839.52734375
9529.08203125
9839.88867188
9403.1484375
9792.35449219
9810.31640625
9840.81835938
9418.14257812
9290.94824219
9756.7421875
9664.421875
9521.37597656
9394.25585938
9083.79101562
9358.68945312
9467.86523438
9528.00390625
9840.29492188
9663.58886719
9655.70507812
9923.01074219
9153.70507812
9651.37402344
9679.12304688
9527.47070312
9827.78320312
9283.015625
9845.07421875
9867.0078125
9186.9765625
9523.69921875
9530.875
8918.39160156
9583.37890625
9609.29785156
9209.87597656
9136.69238281
9622.30664062
9353.39257812
9485.44140625
9290.3671875
9652.76953125
9655.35742188
9487.37109375
9297.04492188
9079.52832031
9767.48632812
9324.56640625
9770.54296875
9839.5
9861.2734375
9391.37304688
9868.2890625
9187.74609375
9850.09570312
9409.76367188
9802.05859375
9212.27734375
9305.5
9653.56445312
9239.609375
9099.640625
9494.73242188
9767.67675781
9563.76757812
9798.30273438
9715.15332031
9271.76367188
9353.33007812
9736.93945312
8977.02734375
9582.20898438
9572.41601562
9519.68554688
10003.2792969
9602.32421875
9671.63769531
10189.2753906
9896.19921875
9740.66894531
9463.17285156
9785.671875
9532.63964844
9370.53710938
9379.4609375
9135.34277344
9944.19335938
9311.7421875
9588.52148438
10232.2597656
9614.13867188
10121.2148438
9474.46972656
9725.24804688
9231.95507812
9581.68066406
9830.09570312
9468.41601562
9581.42382812
9407.3984375
9920.08105469
10107.4267578
9513.14941406
9320.54296875
9388.99023438
9327.671875
9784.05859375
9768.10546875
9678.09863281
9826.42382812
9810.51367188
9758.92089844
9721.34179688
9572.05078125
9923.30273438
9209.40234375
9803.20703125
10001.2509766
9710.9765625
9281.25195312
10079.75
9423.43945312
9804.12109375
9793.76171875
9676.86328125
9571.04882812
9781.76757812
9236.13476562
9829.54882812
9349.05859375
9354.39648438
9806.6484375
9356.45898438
9523.93847656
9826.00195312
9664.3359375
9468.83789062
9580.64453125
9747.22070312
9643.40820312
9646.54882812
9763.21582031
9732.85546875
9541.85058594
9656.6328125
8834.14257812
10151.8339844
9883.67871094
9150.15625
9602.86328125
9427.48242188
9748.42382812
9083.00390625
9670.53125
9556.34863281
9673.56445312
9124.59277344
9299.265625
9411.90820312
9839.91894531
9299.265625
9884.90039062
9622.69140625
9346.27929688
9515.70703125
9242.39648438
9727.74414062
9520.44140625
9597.28515625
9456.97851562
10135.1992188
9662.23242188
9489.11328125
9621.46875
9480.67871094
9238.14257812
9725.83203125
9414.87207031
9296.74023438
9806.19628906
9660.5703125
9260.44140625
9415.71484375
9421.44726562
9146.00195312
9082.03710938
9662.11914062
9781.6953125
9763.69140625
8995.66796875
9504.62890625
9771.22753906
9586.20996094
10002.1152344
9690.15820312
9593.5703125
9734.93554688
9155.00488281
9231.17773438
9626.72070312
9596.07324219
9317.84179688
9289.34765625
9072.00976562
9598.67578125
9299.265625
9449.40136719
10265.5908203
9671.5625
10431.8291016
9855.28417969
9538.02734375
10110.0751953
9526.31054688
9382.44335938
9207.77050781
9405.5546875
9226.078125
9675.01171875
10213.2275391
9270.15429688
9914.5234375
9882.12304688
9058.05175781
8949.04980469
9309.16796875
9945.86816406
9727.63085938
9895.6953125
9245.20117188
9582.06933594
9622.86621094
9669.40625
9784.82128906
9548.79882812
9745.51367188
9483.72265625
9424.03222656
9985.7421875
9253.51757812
9606.89257812
9246.66015625
9890.18457031
9382.40625
9492.45410156
9172.3203125
10006.2744141
9877.34960938
9141.83398438
9203.61132812
9721.00976562
9667.27734375
9614.14257812
9816.85546875
9440.87304688
9526.16015625
9463.203125
9868.02148438
9107.74414062
9428.19140625
10008.0087891
9207.77050781
9073.67675781
9777.53710938
9640.29394531
9998.45410156
10075.2324219
9127.13476562
9627.81640625
9257.27050781
9620.28320312
9224.62304688
9074.3046875
9502.828125
9534.58789062
9618.20703125
9070.52734375
9500.515625
9997.95703125
9434.3125
9568.6640625
10000.2421875
9651.51269531
9939.73242188
9386.6015625
9886.25
10071.2226562
9374.12597656
9941.04296875
9234.51171875
9604.07128906
9490.57421875
9571.98242188
9565.43359375
9860.75
9356.69726562
10024.3496094
9733.75390625
10015.1132812
9644.453125
9270.15429688
9492.01464844
10021.5683594
9602.52246094
9676.10449219
10008.2285156
8889.82519531
9184.5703125
9606.22753906
9165.15039062
10122.7236328
9430.23535156
9861.625
9461.46289062
9581.59960938
9517.73339844
9832.87792969
9810.30273438
9644.56640625
9214.3828125
10085.2929688
8937.44335938
9888.20117188
9713.94726562
9773.37792969
9885.66601562
9615.33984375
10059.5322266
10304.9794922
9468.2734375
9956.36816406
9361.6484375
9278.47265625
9051.88085938
9461.81054688
10093.6113281
9304.24414062
9473.93847656
10238.8671875
9514.46289062
9863.98339844
9627.03222656
9479.38378906
9710.99414062
9339.00878906
9626.91894531
9640.29394531
9245.20117188
8645.32324219
9625.68164062
9582.06933594
9630.08984375
9970.60742188
9425.13574219
9727.63085938
10006.4414062
9328.33203125
9789.30371094
9492.49804688
9448.08496094
9536.80566406
9043.20898438
9950.00488281
9269.33007812
10146.8320312
9483.26464844
9443.32421875
9129.38085938
10137.5527344
9611.77539062
9979.68945312
9502.18554688
9407.39648438
9455.6796875
9243.41601562
9630.40625
9718.13867188
9716.45117188
9862.21484375
9356.89648438
9621.42285156
9636.74316406
9695.15234375
9615.33984375
9568.48046875
9159.33105469
9832.63964844
9562.04589844
9603.63964844
9575.90039062
9964.01855469
9784.13769531
9714.09667969
9091.61132812
9411.078125
9496.11132812
9707.05859375
9277.01074219
9428.359375
9521.55761719
9391.5625
9400.87304688
9454.21875
9612.6953125
8987.04199219
9588.6953125
10067.4951172
9473.71386719
9508.71679688
9601.79882812
9185.39257812
9722.93945312
9101.34375
9987.06347656
9887.34375
9583.46289062
9586.97070312
9058.3203125
9543.21191406
9636.62304688
9390.24121094
9250.22558594
9721.80859375
9713.3828125
9554.79101562
9162.8203125
9830.16992188
9345.05957031
9563.55859375
9232.41894531
9304.99023438
9558.01757812
9579.67285156
9506.00292969
8987.8515625
9570.89648438
9916.453125
9039.66210938
9472.10839844
9290.8125
9652.35742188
9677.71972656
9414.29101562
10044.6679688
9756.39648438
9434.33789062
9589.56152344
9904.20703125
10243.4960938
9856.5234375
9404.11328125
9766.02636719
10198.6738281
8816.8359375
10073.3007812
9895.71484375
9806.14453125
9408.42382812
9679.67089844
9667.65429688
9539.19335938
9590.75097656
9789.52246094
9912.72753906
10029.9228516
9497.35351562
9602.99609375
9853.20507812
9674.12109375
8820.1015625
9419.4765625
8929.70507812
9613.83398438
9393.19628906
9300.1328125
9653.40429688
9610.91894531
9694.46191406
9700.28710938
9685.48242188
9506.74414062
9348.13085938
9600.02441406
9578.7109375
9536.32226562
9348.86523438
9609.24414062
9164.29296875
9736.6796875
9557.52148438
9304.77929688
9658.93554688
9166.66796875
9680.97070312
9391.08984375
9130.75585938
9317.99609375
9703.68945312
9301.99121094
9008.09960938
9535.7265625
9663.828125
9123.77832031
9639.8125
9509.07617188
9500.60644531
10034.3398438
9656.8671875
9645.17382812
9586.54492188
9001.62695312
9350.6328125
9687.87207031
9885.44140625
9777.08007812
9761.58691406
9016.08105469
9818.7265625
9820.84765625
9579.00585938
10002.8330078
9815.27441406
9627.52832031
9693.6953125
10096.6660156
9296.09570312
9304.16601562
9053.25292969
9226.98242188
9909.05957031
9730.50292969
9311.09179688
9858.66992188
9948.58984375
9570.27148438
9711.20117188
9742.29296875
9306.05957031
9738.078125
9111.97070312
9792.32617188
9412.7578125
9745.515625
9220.48632812
9144.91210938
8842.75
9887.09960938
9725.703125
9387.50097656
9766.40039062
9673.92871094
9486.5390625
9475.42871094
9828.3125
9799.30078125
9674.1015625
9593.44726562
9078.96875
9728.37988281
9227.47851562
9331.59960938
9273.90820312
9911.60644531
9223.79199219
9913.19726562
9757.015625
9689.00292969
9638.48730469
9500.36035156
9395.04980469
9925.37695312
9424.50585938
9501.15039062
9681.98632812
9312.17871094
9817.70605469
9020.92382812
9691.27734375
9617.26757812
9022.95117188
9556.79003906
9157.79882812
9376.953125
9060.69921875
9454.06347656
9878.52636719
9667.45800781
9674.84179688
9248.3359375
9895.24804688
9546.31835938
9586.68945312
9216.36914062
9356.33398438
9484.78515625
9628.93945312
9789.10546875
9424.90917969
9337.96875
9611.05078125
10290.7910156
9060.125
9558.48632812
10013.3046875
9361.73242188
9091.0859375
9729.15136719
9492.36035156
9372.92382812
9623.44042969
9735.04199219
9613.40820312
9675.58007812
9762.01757812
9726.09960938
9803.64746094
9649.42773438
9418.515625
10065.9863281
9605.69238281
9547.77636719
9502.49511719
9778.72460938
9585.79882812
9685.24707031
9613.44433594
9258.62304688
10084.7363281
10023.1826172
9527.38574219
9857.72070312
9549.34765625
9912.84863281
9400.52539062
9761.60546875
9976.67578125
9274.0
9430.15820312
9358.56152344
9262.04296875
9679.16015625
9202.17089844
9714.67675781
9676.86523438
9746.51171875
9051.29980469
9614.31738281
9799.23632812
9603.93164062
9791.31640625
9466.24609375
10265.296875
8945.36621094
9715.87109375
9663.3515625
9902.20410156
9666.94433594
9535.28710938
9447.63769531
9341.96679688
9569.19335938
9648.02246094
9438.88183594
9692.55078125
9680.83398438
9928.87207031
9762.86132812
9753.796875
9395.43945312
9496.63378906
9607.74609375
9772.1484375
10034.1425781
9793.92382812
9883.41503906
9828.83789062
9358.93359375
9996.96875
9624.8203125
9504.3671875
9503.96582031
9232.34375
